$ 1 5.0E-6 0.7703437568215379 47 5.0 50
f 256 272 336 272 0 1.5
g 336 288 336 336 0
R 144 288 64 288 0 2 10000.0 50.0 0.0 0.0 0.5
r 432 256 528 256 0 8.0
l 528 256 656 256 2 3.2E-5 0.09280523441303455
R 336 192 336 128 0 0 40.0 5.0 0.0 0.0 0.5
w 336 224 336 256 0
g 656 256 656 304 0
f 304 208 336 208 1 1.5
R 112 208 64 208 0 2 1000.0 5.0 0.0 0.0 0.5
150 208 272 256 272 0 2 0.0
I 192 192 224 192 0 0.5
151 224 208 304 208 0 2 0.0
w 144 288 208 288 0
w 112 208 192 192 0
w 112 208 208 256 0
w 224 224 144 288 0
c 432 256 336 256 2 9.999999999999999E-5 -2.4815794280292267
o 4 1 0 35 1.25 0.1 0 -1
o 3 1 0 35 1.25 0.1 1 -1
o 5 2 0 35 10.0 0.1 2 -1
o 17 2 0 35 5.0 0.1 3 -1
